15
15, 35
15, 35, 6
15, 35, 6, 2
15, 35, 6, 2, 24
15, 35, 6, 2, 24, 5
15, 35, 6, 2, 24, 5, 4
15, 35, 6, 2, 24, 5, 4, 33
15, 35, 6, 2, 24, 5, 4, 33, 9
15, 35, 6, 2, 24, 5, 4, 33, 9, 15
15, 35, 6, 2, 24, 5, 4, 33, 9, 15, 31
15, 35, 6, 2, 24, 5, 4, 33, 9, 15, 31, 2
15, 35, 6, 2, 24, 5, 4, 33, 9, 15, 31, 2, 22
15, 35, 6, 2, 24, 5, 4, 33, 9, 15, 31, 2, 22, 33
15, 35, 6, 2, 24, 5, 4, 33, 9, 15, 31, 2, 22, 33, 4
15, 35, 6, 2, 24, 5, 4, 33, 9, 15, 31, 2, 22, 33, 4, 14
15, 35, 6, 2, 24, 5, 4, 33, 9, 15, 31, 2, 22, 33, 4, 14, 13
15, 35, 6, 2, 24, 5, 4, 33, 9, 15, 31, 2, 22, 33, 4, 14, 13, 3
15, 35, 6, 2, 24, 5, 4, 33, 9, 15, 31, 2, 22, 33, 4, 14, 13, 3, 18
15, 35, 6, 2, 24, 5, 4, 33, 9, 15, 31, 2, 22, 33, 4, 14, 13, 3, 18, 15
15, 35, 6, 2, 24, 5, 4, 33, 9, 15, 31, 2, 22, 33, 4, 14, 13, 3, 18, 15, 15
15, 35, 6, 2, 24, 5, 4, 33, 9, 15, 31, 2, 22, 33, 4, 14, 13, 3, 18, 15, 15, 12
15, 35, 6, 2, 24, 5, 4, 33, 9, 15, 31, 2, 22, 33, 4, 14, 13, 3, 18, 15, 15, 12, 29
15, 35, 6, 2, 24, 5, 4, 33, 9, 15, 31, 2, 22, 33, 4, 14, 13, 3, 18, 15, 15, 12, 29, 21
15, 35, 6, 2, 24, 5, 4, 33, 9, 15, 31, 2, 22, 33, 4, 14, 13, 3, 18, 15, 15, 12, 29, 21, 34
15, 35, 6, 2, 24, 5, 4, 33, 9, 15, 31, 2, 22, 33, 4, 14, 13, 3, 18, 15, 15, 12, 29, 21, 34, 20
15, 35, 6, 2, 24, 5, 4, 33, 9, 15, 31, 2, 22, 33, 4, 14, 13, 3, 18, 15, 15, 12, 29, 21, 34, 20, 30
15, 35, 6, 2, 24, 5, 4, 33, 9, 15, 31, 2, 22, 33, 4, 14, 13, 3, 18, 15, 15, 12, 29, 21, 34, 20, 30, 17
15, 35, 6, 2, 24, 5, 4, 33, 9, 15, 31, 2, 22, 33, 4, 14, 13, 3, 18, 15, 15, 12, 29, 21, 34, 20, 30, 17, 25
15, 35, 6, 2, 24, 5, 4, 33, 9, 15, 31, 2, 22, 33, 4, 14, 13, 3, 18, 15, 15, 12, 29, 21, 34, 20, 30, 17, 25, 11
15, 35, 6, 2, 24, 5, 4, 33, 9, 15, 31, 2, 22, 33, 4, 14, 13, 3, 18, 15, 15, 12, 29, 21, 34, 20, 30, 17, 25, 11, 31
15, 35, 6, 2, 24, 5, 4, 33, 9, 15, 31, 2, 22, 33, 4, 14, 13, 3, 18, 15, 15, 12, 29, 21, 34, 20, 30, 17, 25, 11, 31, 3
15, 35, 6, 2, 24, 5, 4, 33, 9, 15, 31, 2, 22, 33, 4, 14, 13, 3, 18, 15, 15, 12, 29, 21, 34, 20, 30, 17, 25, 11, 31, 3, 13
15, 35, 6, 2, 24, 5, 4, 33, 9, 15, 31, 2, 22, 33, 4, 14, 13, 3, 18, 15, 15, 12, 29, 21, 34, 20, 30, 17, 25, 11, 31, 3, 13, 0
